#t:   	x:        	y:        	z:        
0.000	-0.00244141	-0.00808716	0.00018311
0.025	-0.00250244	-0.00811768	0.00012207
0.050	-0.00247192	-0.00811768	0.00021362
0.075	-0.00250244	-0.00802612	0.00015259
0.100	-0.00253296	-0.00808716	0.00012207
0.125	-0.00247192	-0.00036621	0.00018311
0.150	-0.00250244	-0.00811768	0.00015259
0.175	-0.00250244	-0.00811768	0.00015259
0.200	-0.00250244	-0.00808716	0.00015259
0.225	-0.00250244	-0.00808716	0.00021362
0.250	-0.00247192	-0.00814819	0.00015259
0.275	-0.00247192	-0.00808716	0.00009155
0.300	-0.00250244	-0.00811768	0.00015259
0.325	-0.00250244	-0.00808716	0.00015259
0.350	-0.00253296	-0.00805664	0.00021362
0.375	-0.00247192	-0.00811768	0.00015259
0.400	-0.00247192	-0.00805664	0.00012207
0.425	-0.00247192	-0.00808716	0.00015259
0.450	-0.00247192	-0.00805664	0.00012207
0.475	-0.00241089	-0.00808716	0.00012207
0.500	-0.00247192	-0.00808716	0.00015259
0.525	-0.00250244	-0.00808716	0.00012207
0.550	-0.00247192	-0.00805664	0.00018311
0.575	-0.00250244	-0.00811768	0.00015259
0.600	-0.00247192	-0.00811768	0.00021362
0.625	-0.00250244	-0.00808716	0.00012207
0.650	-0.00250244	-0.00808716	0.00015259
0.675	-0.00247192	-0.00808716	0.00018311
0.700	-0.00247192	-0.00808716	0.00021362
0.725	-0.00256348	-0.00808716	0.00018311
0.750	-0.00247192	-0.00811768	0.00012207
0.775	-0.00250244	-0.00805664	0.00018311
0.800	-0.00250244	-0.00808716	0.00012207
0.825	-0.00253296	-0.00811768	0.00021362
0.850	-0.00244141	-0.00808716	0.00012207
0.875	-0.00250244	-0.00814819	0.00015259
0.900	-0.00250244	-0.00808716	0.00015259
0.925	-0.00247192	-0.00811768	0.00018311
0.950	-0.00250244	-0.00808716	0.00012207
0.975	-0.00253296	-0.00811768	0.00012207
1.000	-0.00250244	-0.00808716	0.00012207
1.025	-0.00250244	-0.00808716	0.00012207
1.050	-0.00247192	-0.00811768	0.00024414
1.075	-0.00247192	-0.00811768	0.00015259
1.100	-0.00247192	-0.00814819	0.00006104
1.125	-0.00247192	-0.00805664	0.00015259
1.150	-0.00250244	-0.00808716	0.00015259
1.175	-0.00247192	-0.00811768	0.00018311
1.200	-0.00250244	-0.00808716	0.00015259
1.225	-0.00247192	-0.00811768	0.00015259
1.250	-0.00253296	-0.00808716	0.00012207
1.275	-0.00247192	-0.00808716	0.00012207
1.300	-0.00253296	-0.00808716	0.00018311
1.325	-0.00247192	-0.00811768	0.00015259
1.350	-0.00250244	-0.00808716	0.00018311
1.375	-0.00250244	-0.00811768	0.00018311
1.400	-0.00253296	-0.00805664	0.00015259
1.425	-0.00250244	-0.00808716	0.00012207
1.450	-0.00250244	-0.00808716	0.00012207
1.475	-0.00253296	-0.00808716	0.00009155
1.500	-0.00253296	-0.00805664	0.00015259
1.525	-0.00250244	-0.00808716	0.00012207
1.550	-0.00253296	-0.00808716	0.00012207
1.575	-0.00250244	-0.00805664	0.00003052
1.600	-0.00247192	-0.00805664	0.00015259
1.625	-0.00247192	-0.00808716	0.00012207
1.650	-0.00250244	-0.00811768	0.00018311
1.675	-0.00253296	-0.00808716	0.00018311
1.700	-0.00247192	-0.00808716	0.00015259
1.725	-0.00244141	-0.00814819	0.00015259
1.750	-0.00247192	-0.00808716	0.00015259
1.775	-0.00247192	-0.00814819	0.00021362
1.800	-0.00244141	-0.00805664	0.00018311
1.825	-0.00253296	-0.00811768	0.00015259
1.850	-0.00250244	-0.00811768	0.00018311
1.875	-0.00253296	-0.00808716	0.00015259
1.900	-0.00238037	-0.00814819	0.00018311
1.925	-0.00247192	-0.00811768	0.00015259
1.950	-0.00250244	-0.00817871	0.00012207
1.975	-0.00253296	-0.00808716	0.00015259
2.000	-0.00253296	-0.00808716	0.00018311
2.025	-0.00244141	-0.00811768	0.00018311
2.050	-0.00250244	-0.00811768	0.00015259
2.075	-0.00247192	-0.00808716	0.00015259
2.100	-0.00256348	-0.00811768	0.00015259
2.125	-0.00253296	-0.00805664	0.00015259
2.150	-0.00250244	-0.00811768	0.00018311
2.175	-0.00244141	-0.00808716	0.00015259
2.200	-0.00250244	-0.00808716	0.00018311
2.225	-0.00250244	-0.00811768	0.00018311
2.250	-0.00253296	-0.00811768	0.00015259
2.275	-0.00253296	-0.00808716	0.00012207
2.300	-0.00247192	-0.00808716	0.00018311
2.325	-0.00250244	-0.00811768	0.00009155
2.350	-0.00250244	-0.00814819	0.00018311
2.375	-0.00250244	-0.00808716	0.00021362
2.400	-0.00247192	-0.00808716	0.00012207
2.425	-0.00253296	-0.00808716	0.00009155
2.450	-0.00250244	-0.00808716	0.00015259
2.475	-0.00247192	-0.00808716	0.00012207
2.500	-0.00253296	-0.00808716	0.00018311
2.525	-0.00256348	-0.00805664	0.00018311
2.550	-0.00250244	-0.00811768	0.00015259
2.575	-0.00247192	-0.00808716	0.00018311
2.600	-0.00250244	-0.00814819	0.00015259
2.625	-0.00247192	-0.00802612	0.00012207
2.650	-0.00244141	-0.00808716	0.00015259
2.675	-0.00241089	-0.00808716	0.00021362
2.700	-0.00253296	-0.00808716	0.00015259
2.725	-0.00250244	-0.00811768	0.00012207
2.750	-0.00250244	-0.00814819	0.00024414
2.775	-0.00244141	-0.00808716	0.00015259
2.800	-0.00247192	-0.00811768	0.00021362
2.825	-0.00244141	-0.00808716	0.00012207
2.850	-0.00253296	-0.00808716	0.00018311
2.875	-0.00247192	-0.00805664	0.00024414
2.900	-0.00250244	-0.00808716	0.00015259
2.925	-0.00247192	-0.00808716	0.00012207
2.950	-0.00247192	-0.00814819	0.00024414
2.975	-0.00250244	-0.00808716	0.00015259
3.000	-0.00247192	-0.00805664	0.00024414
3.025	-0.00247192	-0.00808716	0.00015259
3.050	-0.00253296	-0.00811768	0.00021362
3.075	-0.00247192	-0.00811768	0.00018311
3.100	-0.00244141	-0.00805664	0.00015259
3.125	-0.00253296	-0.00811768	0.00027466
3.150	-0.00247192	-0.00808716	0.00012207
3.175	-0.00253296	-0.00808716	0.00015259
3.200	-0.00247192	-0.00808716	0.00021362
3.225	-0.00244141	-0.00811768	0.00012207
3.250	-0.00244141	-0.00811768	0.00012207
3.275	-0.00250244	-0.00814819	0.00021362
3.300	-0.00244141	-0.00805664	0.00012207
3.325	-0.00244141	-0.00808716	0.00012207
3.350	-0.00253296	-0.00814819	0.00024414
3.375	-0.00253296	-0.00811768	0.00015259
3.400	-0.00253296	-0.00808716	0.00018311
3.425	-0.00259399	-0.00808716	0.00012207
3.450	-0.00253296	-0.00808716	0.00018311
3.475	-0.00247192	-0.00808716	0.00015259
3.500	-0.00244141	-0.00811768	0.00012207
3.525	-0.00244141	-0.00811768	0.00018311
3.550	-0.00247192	-0.00811768	0.00015259
3.575	-0.00247192	-0.00805664	0.00018311
3.600	-0.00256348	-0.00805664	0.00009155
3.625	-0.00259399	-0.00802612	0.00018311
3.650	-0.00256348	-0.00811768	0.00018311
3.675	-0.00247192	-0.00805664	0.00018311
3.700	-0.00250244	-0.00811768	0.00012207
3.725	-0.00241089	-0.00808716	0.00009155
3.750	-0.00244141	-0.00811768	0.00018311
3.775	-0.00244141	-0.00808716	0.00021362
3.800	-0.00250244	-0.00805664	0.00024414
3.825	-0.00256348	-0.00808716	0.00018311
3.850	-0.00253296	-0.00811768	0.00012207
3.875	-0.00253296	-0.00811768	0.00018311
3.900	-0.00256348	-0.00814819	0.00012207
3.925	-0.00247192	-0.00811768	0.00015259
3.950	-0.00241089	-0.00808716	0.00015259
3.975	-0.00244141	-0.00805664	0.00015259
4.000	-0.00238037	-0.00808716	0.00021362
4.025	-0.00247192	-0.00808716	0.00012207
4.050	-0.00256348	-0.00808716	0.00015259
4.075	-0.00256348	-0.00811768	0.00024414
4.100	-0.00256348	-0.00811768	0.00021362
4.125	-0.00250244	-0.00811768	0.00015259
4.150	-0.00244141	-0.00808716	0.00009155
4.175	-0.00238037	-0.00634766	0.00048828
4.200	-0.00219727	-0.00897217	0.00009155
4.225	-0.00259399	-0.00891113	0.00003052
4.250	-0.00253296	-0.00848389	0.00036621
4.275	-0.00256348	-0.00765991	0.00009155
4.300	-0.00253296	-0.00744629	0.00042725
4.325	-0.00247192	-0.00747681	0.00018311
4.350	-0.00250244	-0.00793457	0.00021362
4.375	-0.00238037	-0.00851440	0.00006104
4.400	-0.00244141	-0.00405884	0.00079346
4.425	-0.00222778	-0.01004028	0.00009155
4.450	-0.00256348	-0.01019287	-0.00009155
4.475	-0.00277710	-0.00869751	0.00054932
4.500	-0.00241089	-0.00802612	0.00021362
4.525	-0.00238037	-0.00698853	0.00039673
4.550	-0.00231934	-0.00683594	0.00024414
4.575	-0.00241089	-0.00729370	0.00012207
4.600	-0.00177002	-0.00811768	0.00057983
4.625	-0.00201416	-0.00854492	0.00051880
4.650	-0.00299072	-0.01068115	0.00042725
4.675	-0.00296021	-0.00903320	0.00070190
4.700	-0.00231934	-0.00851440	0.00094604
4.725	-0.00250244	-0.00784302	0.00036621
4.750	-0.00234985	-0.00772095	0.00067139
4.775	-0.00228882	-0.00732422	0.00015259
4.800	-0.00210571	-0.00564575	0.00085449
4.825	-0.00173950	-0.00677490	0.00006104
4.850	-0.00213623	-0.00836182	0.00054932
4.875	-0.00234985	-0.01049805	0.00076294
4.900	-0.00283813	-0.01022339	0.00064087
4.925	-0.00283813	-0.00885010	0.00094604
4.950	-0.00265503	-0.00830078	0.00045776
4.975	-0.00228882	-0.00704956	0.00112915
5.000	-0.00173950	-0.00592041	0.00006104
5.025	-0.00192261	-0.00588989	0.00097656
5.050	-0.00155640	-0.00778198	0.00085449
5.075	-0.00195312	-0.00958252	0.00064087
5.100	-0.00308228	-0.01049805	0.00112915
5.125	-0.00308228	-0.01086426	0.00103760
5.150	-0.00259399	-0.00881958	0.00082397
5.175	-0.00268555	-0.00726318	0.00140381
5.200	-0.00186157	-0.00598145	0.00000000
5.225	-0.00201416	-0.00585938	0.00103760
5.250	-0.00155640	-0.00585938	0.00070190
5.275	-0.00122070	-0.00851440	0.00064087
5.300	-0.00241089	-0.01080322	0.00091553
5.325	-0.00320435	-0.01129150	0.00112915
5.350	-0.00305176	-0.01049805	0.00106812
5.375	-0.00256348	-0.00869751	0.00128174
5.400	-0.00250244	-0.00677490	0.00042725
5.425	-0.00201416	-0.00573730	0.00057983
5.450	-0.00183105	-0.00460815	0.00054932
5.475	-0.00122070	-0.00595093	0.00088501
5.500	-0.00143433	-0.00872803	0.00009155
5.525	-0.00259399	-0.01144409	0.00109863
5.550	-0.00332642	-0.01129150	0.00131226
5.575	-0.00305176	-0.01031494	0.00064087
5.600	-0.00305176	-0.00827026	0.00125122
5.625	-0.00241089	-0.00656128	0.00109863
5.650	-0.00207520	-0.00491333	0.00015259
5.675	-0.00173950	-0.00579834	0.00036621
5.700	-0.00161743	-0.00488281	0.00085449
5.725	-0.00079346	-0.01052856	0.00003052
5.750	-0.00277710	-0.01202393	0.00097656
5.775	-0.00381470	-0.01113892	0.00140381
5.800	-0.00329590	-0.01049805	0.00064087
5.825	-0.00283813	-0.00750732	0.00076294
5.850	-0.00219727	-0.00534058	0.00067139
5.875	-0.00192261	-0.00488281	0.00015259
5.900	-0.00167847	-0.00625610	0.00030518
5.925	-0.00167847	-0.00860596	0.00000000
5.950	-0.00207520	-0.00415039	0.00125122
5.975	-0.00207520	-0.01184082	0.00076294
6.000	-0.00317383	-0.01181030	0.00051880
6.025	-0.00347900	-0.00991821	0.00091553
6.050	-0.00308228	-0.00781250	0.00076294
6.075	-0.00238037	-0.00564575	0.00061035
6.100	-0.00198364	-0.00543213	0.00018311
6.125	-0.00173950	-0.00634766	0.00012207
6.150	-0.00173950	-0.00854492	0.00006104
6.175	-0.00204468	0.00039673	0.00231934
6.200	-0.00125122	-0.01168823	0.00045776
6.225	-0.00335693	-0.01214600	0.00131226
6.250	-0.00360107	-0.01092529	0.00115967
6.275	-0.00302124	-0.00891113	0.00033569
6.300	-0.00247192	-0.00717163	0.00119019
6.325	-0.00170898	-0.00485229	-0.00003052
6.350	-0.00155640	-0.00531006	0.00036621
6.375	-0.00149536	-0.00741577	0.00024414
6.400	-0.00122070	-0.00350952	0.00100708
6.425	-0.00195312	-0.01062012	0.00051880
6.450	-0.00354004	-0.01208496	0.00167847
6.475	-0.00384521	-0.01144409	0.00112915
6.500	-0.00302124	-0.00936890	0.00158691
6.525	-0.00228882	-0.00765991	0.00048828
6.550	-0.00225830	-0.00531006	0.00036621
6.575	-0.00183105	-0.00497437	0.00061035
6.600	-0.00152588	-0.00497437	0.00015259
6.625	-0.00054932	-0.00717163	0.00039673
6.650	-0.00216675	-0.01171875	0.00097656
6.675	-0.00369263	-0.01211548	0.00088501
6.700	-0.00335693	-0.01150513	0.00106812
6.725	-0.00259399	-0.00939941	0.00149536
6.750	-0.00259399	-0.00668335	0.00027466
6.775	-0.00210571	-0.00479126	0.00106812
6.800	-0.00167847	-0.00469971	-0.00747681
6.825	-0.00173950	-0.00656128	0.00021362
6.850	-0.00177002	-0.00924683	0.00021362
6.875	-0.00030518	-0.01098633	0.00030518
6.900	-0.00253296	-0.01403809	0.00097656
6.925	-0.00390625	-0.01126099	0.00152588
6.950	-0.00366211	-0.01068115	0.00152588
6.975	-0.00283813	-0.00769043	0.00079346
7.000	-0.00216675	-0.00521851	0.00070190
7.025	-0.00170898	-0.00451660	0.00030518
7.050	-0.00152588	-0.00552368	0.00003052
7.075	-0.00161743	-0.00811768	0.00027466
7.100	-0.00109863	-0.00729370	0.00027466
7.125	-0.00146484	-0.01229858	0.00045776
7.150	-0.00421143	-0.01171875	0.00180054
7.175	-0.00369263	-0.01162720	0.00097656
7.200	-0.00259399	-0.00936890	0.00146484
7.225	-0.00192261	-0.00668335	0.00027466
7.250	-0.00195312	-0.00454712	0.00085449
7.275	-0.00143433	-0.00479126	0.00021362
7.300	-0.00177002	-0.00631714	0.00033569
7.325	-0.00198364	-0.00927734	0.00051880
7.350	-0.00106812	-0.01034546	0.00091553
7.375	-0.00225830	-0.01345825	0.00097656
7.400	-0.00399780	-0.01080322	0.00170898
7.425	-0.00354004	-0.01013184	0.00125122
7.450	-0.00231934	-0.00833130	0.00155640
7.475	-0.00204468	-0.00604248	0.00030518
7.500	-0.00183105	-0.00488281	0.00061035
7.525	-0.00152588	-0.00576782	0.00012207
7.550	-0.00180054	-0.00466919	0.00134277
7.575	-0.00112915	-0.00842285	0.00030518
7.600	-0.00289917	-0.01110840	0.00134277
7.625	-0.00347900	-0.01193237	0.00125122
7.650	-0.00326538	-0.01116943	0.00122070
7.675	-0.00277710	-0.00909424	0.00122070
7.700	-0.00228882	-0.00613403	0.00054932
7.725	-0.00201416	-0.00479126	0.00088501
7.750	-0.00167847	-0.00463867	0.00027466
7.775	-0.00170898	-0.00689697	0.00027466
7.800	-0.00183105	-0.00430298	0.00097656
7.825	-0.00045776	-0.01147461	0.00112915
7.850	-0.00302124	-0.01373291	0.00109863
7.875	-0.00393677	-0.01184082	0.00143433
7.900	-0.00354004	-0.01068115	0.00155640
7.925	-0.00201416	-0.00784302	0.00119019
7.950	-0.00219727	-0.00503540	0.00036621
7.975	-0.00177002	-0.00439453	0.00106812
8.000	-0.00177002	-0.00515747	0.00003052
8.025	-0.00186157	-0.00802612	0.00057983
8.050	-0.00210571	-0.00326538	0.00204468
8.075	-0.00192261	-0.01232910	0.00082397
8.100	-0.00360107	-0.01229858	0.00177002
8.125	-0.00381470	-0.01211548	0.00134277
8.150	-0.00299072	-0.00939941	0.00115967
8.175	-0.00238037	-0.00735474	0.00073242
8.200	-0.00207520	-0.00506592	0.00094604
8.225	-0.00128174	-0.00451660	0.00006104
8.250	-0.00152588	-0.00588989	0.00030518
8.275	-0.00177002	-0.00860596	0.00039673
8.300	-0.00201416	-0.00701904	0.00088501
8.325	-0.00189209	-0.01275635	0.00091553
8.350	-0.00323486	-0.01208496	0.00210571
8.375	-0.00350952	-0.01171875	0.00115967
8.400	-0.00283813	-0.00961304	0.00161743
8.425	-0.00244141	-0.00610352	0.00070190
8.450	-0.00198364	-0.00396729	0.00103760
8.475	-0.00143433	-0.00454712	0.00000000
8.500	-0.00149536	-0.00650024	0.00024414
8.525	-0.00170898	-0.00970459	0.00036621
8.550	-0.00219727	-0.01123047	0.00009155
8.575	-0.00216675	-0.01229858	0.00137329
8.600	-0.00259399	-0.01382446	0.00045776
8.625	-0.00424194	-0.00967407	0.00183105
8.650	-0.00256348	-0.00982666	0.00149536
8.675	-0.00277710	-0.00616455	0.00027466
8.700	-0.00195312	-0.00457764	0.00085449
8.725	-0.00125122	-0.00524902	-0.00003052
8.750	-0.00146484	-0.00796509	0.00048828
8.775	-0.00198364	-0.00958252	0.00036621
8.800	-0.00250244	-0.00308228	0.00219727
8.825	-0.00225830	-0.01275635	0.00070190
8.850	-0.00338745	-0.01086426	0.00134277
8.875	-0.00363159	-0.01040649	0.00125122
8.900	-0.00277710	-0.00820923	0.00061035
8.925	-0.00210571	-0.00527954	0.00088501
8.950	-0.00146484	-0.00445557	0.00033569
8.975	-0.00158691	-0.00619507	0.00024414
9.000	-0.00167847	-0.00900269	0.00033569
9.025	-0.00228882	-0.01022339	0.00006104
9.050	-0.00277710	0.00564575	0.00372314
9.075	-0.00183105	-0.01373291	0.00085449
9.100	-0.00332642	-0.01126099	0.00103760
9.125	-0.00369263	-0.01071167	0.00170898
9.150	-0.00292969	-0.00863647	0.00122070
9.175	-0.00207520	-0.00573730	0.00064087
9.200	-0.00167847	-0.00451660	0.00054932
9.225	-0.00137329	-0.00567627	0.00009155
9.250	-0.00155640	-0.00842285	0.00042725
9.275	-0.00210571	-0.00994873	0.00048828
9.300	-0.00088501	-0.00973511	0.00054932
9.325	-0.00192261	-0.01321411	0.00128174
9.350	-0.00408936	-0.01147461	0.00158691
9.375	-0.00344849	-0.00985718	0.00094604
9.400	-0.00207520	-0.00765991	0.00146484
9.425	-0.00180054	-0.00537109	0.00045776
9.450	-0.00180054	-0.00427246	0.00064087
9.475	-0.00146484	-0.00576782	0.00024414
9.500	-0.00180054	-0.00866699	0.00042725
9.525	-0.00228882	0.00143433	0.00259399
9.550	-0.00146484	-0.01196289	0.00070190
9.575	-0.00338745	-0.01385498	0.00161743
9.600	-0.00430298	-0.01141357	0.00158691
9.625	-0.00296021	-0.00942993	0.00164795
9.650	-0.00210571	-0.00723267	0.00079346
9.675	-0.00198364	-0.00546265	0.00067139
9.700	-0.00155640	-0.00463867	0.00082397
9.725	-0.00158691	-0.00601196	0.00021362
9.750	-0.00180054	-0.00775146	0.00076294
9.775	-0.00033569	-0.01007080	0.00097656
9.800	-0.00277710	-0.01263428	0.00177002
9.825	-0.00372314	-0.01177979	0.00201416
9.850	-0.00372314	-0.01156616	0.00100708
9.875	-0.00277710	-0.00891113	0.00125122
9.900	-0.00189209	-0.00640869	0.00125122
9.925	-0.00161743	-0.00427246	0.00051880
9.950	-0.00164795	-0.00448608	0.00027466
9.975	-0.00161743	-0.00674438	0.00048828
10.000	-0.00186157	-0.00955200	0.00030518
